4294967279,99
4294967279,98
4294967279,97
4294967279,96
4294967279,115
4294967279,114
4294967279,113
4294967279,112
4294967279,111
4294967279,110
4294967279,109
4294967279,108
4294967279,107
4294967279,106
4294967279,105
4294967279,104
4294967279,103
4294967279,102
4294967279,101
4294967279,100
4294967278,286
4294967278,275
4294967278,389
4294967279,134
4294967278,384
4294967279,387
4294967278,284
4294967278,271
4294967279,444
4294967278,270
4294967278,137
4294967278,269
4294967278,268
4294967279,271
4294967278,282
124,4
4294967279,270
124,3
124,2
124,1
4294967279,455
4294967278,266
4294967278,25
4294967278,24
4294967278,23
4294967278,22
4294967278,21
4294967278,20
4294967278,19
4294967278,18
4294967278,17
4294967278,16
4294967278,15
4294967278,14
4294967278,8
4294967278,6
4294967278,5
4294967278,4
4294967279,459
4294967279,126
4294967279,417
4294967279,125
4294967279,124
4294967279,123
4294967279,122
4294967279,121
4294967279,120
4294967279,247
4294967279,119
4294967279,245
4294967279,118
4294967279,117
4294967279,116
4294967278,13
4294967278,281
4294967278,12
4294967278,327
4294967278,11
4294967278,390
4294967279,132
4294967279,286
4294967278,10
4294967278,279
4294967279,425
4294967278,9
4294967278,262
4294967278,261
4294967278,7
4294967278,259
4294967278,381
4294967278,258
4294967278,257
4294967279,422
4294967278,337
123,4
4294967279,258
123,2
123,1
4294967278,353
4294967279,131
4294967279,257
4294967278,351
4294967279,130
4294967279,129
4294967279,462
4294967278,394
4294967279,128
4294967279,256
4294967278,347
4294967279,127
4294967278,313
122,6
4294967278,250
122,5
122,4
4294967278,248
122,3
122,2
122,1
4294967278,247
4294967278,402
4294967278,241
4294967278,237
4294967278,236
4294967278,230
4294967278,224
121,6
4294967278,228
121,5
121,4
4294967278,226
121,2
121,1
4294967294,1158
4294967294,1156
4294967294,1153
4294967294,1152
4294967294,1085
4294967294,1084
4294967294,1082
4294967294,1080
4294967294,1079
4294967294,1077
4294967294,1075
4294967294,1074
4294967294,1073
4294967294,1069
4294967294,1067
4294967294,1066
4294967294,1065
4294967294,10
4294967294,1160
4294967294,1154
4294967294,1081
4294967294,1076
4294967294,1070
4294967294,422
4294967294,402
4294967294,190
4294967294,185
4294967294,182
4294967294,176
4294967294,173
4294967294,170
4294967294,163
4294967294,162
4294967294,161
4294967278,219
4294967278,215
4294967294,389
4294967294,1418
4294967294,1157
4294967294,1155
4294967294,1159
4294967278,393
4294967278,210
4294967278,209
120,6
120,5
4294967278,208
120,4
120,3
120,2
120,1
4294967278,207
4294967278,341
4294967279,268
4294967278,360
4294967278,373
4294967278,201
4294967279,407
4294967278,200
4294967278,383
4294967279,201
4294967278,199
4294967278,198
4294967279,199
4294967279,196
4294967278,197
119,6
4294967279,198
119,5
4294967278,196
119,4
4294967279,197
119,2
119,1
4294967279,318
4294967278,195
4294967278,318
4294967279,317
4294967278,33
4294967278,32
4294967278,31
4294967278,30
4294967278,29
4294967278,28
4294967278,27
4294967278,26
118,6
118,5
4294967278,193
4294967279,405
4294967278,317
4294967278,191
4294967278,338
4294967278,260
4294967278,45
4294967278,44
4294967278,43
4294967278,42
4294967278,41
4294967278,40
4294967278,39
4294967278,38
4294967278,37
4294967278,36
4294967278,35
4294967278,34
118,4
4294967279,404
4294967279,403
4294967294,397
4294967294,414
4294967294,179
4294967294,407
4294967294,1243
4294967294,420
4294967294,384
4294967294,1078
4294967294,411
4294967294,168
4294967294,425
4294967294,403
4294967294,456
4294967294,118
4294967294,111
4294967294,451
4294967278,387
4294967279,402
4294967278,335
4294967279,400
4294967278,186
4294967279,187
4294967278,185
4294967279,186
118,7
4294967279,183
4294967278,184
4294967279,185
4294967278,183
4294967279,184
118,2
118,1
4294967279,453
4294967278,182
4294967278,371
4294967279,433
4294967278,180
4294967278,50
4294967278,49
4294967278,48
4294967278,47
4294967278,46
96,5
4294967279,432
4294967278,179
4294967279,180
4294967278,178
4294967279,179
4294967278,58
4294967278,57
4294967278,56
4294967278,55
4294967278,54
4294967278,53
4294967278,52
4294967278,51
4294967279,86
4294967279,85
4294967279,84
4294967279,83
4294967279,82
4294967279,80
4294967279,79
4294967279,77
4294967278,312
4294967279,445
4294967278,309
4294967278,332
95,2
4294967278,175
4294967278,61
4294967278,311
4294967279,397
4294967278,60
4294967278,310
96,3
4294967279,173
4294967279,430
4294967278,59
4294967279,172
4294967279,396
4294967279,171
4294967279,295
4294967279,170
4294967279,168
4294967279,165
117,6
4294967279,167
117,5
117,4
4294967279,166
117,3
117,2
117,1
4294967279,394
4294967279,427
4294967294,390
4294967294,120
4294967279,393
4294967279,389
4294967279,260
